===== age_sensitivity_results.csv =====
model,n_features,threshold,accuracy,precision,recall_sensitivity,specificity,f1,roc_auc,pr_auc,brier
Full model,18,0.6176429489785343,0.7831978319783198,0.4379310344827586,0.6225490196078431,0.8194905869324474,0.5141700404858299,0.781452891234013,0.4583893305690011,0.18675857691890654
Age removed,16,0.5819357657419281,0.7551942186088527,0.38870431893687707,0.5735294117647058,0.7962347729789591,0.4633663366336634,0.7516122728161032,0.42369554469005055,0.1931961630320785

===== baseline_comparison.csv =====
model,threshold,accuracy,precision,recall_sensitivity,specificity,f1,roc_auc,pr_auc,brier
LR_age_only,0.26290323538666355,0.7750677506775068,0.423728813559322,0.6127450980392157,0.8117386489479512,0.501002004008016,0.7716001129133823,0.43625778423229333,0.12712074538090076
LR_age_sex,0.25570199948447947,0.7678410117434508,0.41368078175895767,0.6225490196078431,0.8006644518272426,0.49706457925636005,0.7697869845612664,0.43810909995167724,0.1273386536453489
LR_original_6,0.22935980496272423,0.7777777777777778,0.437125748502994,0.7156862745098039,0.7918050941306756,0.5427509293680297,0.7979311879790677,0.4882703734090589,0.12063061293770774
LR_full_18,0.1816848295016207,0.7154471544715447,0.362962962962963,0.7205882352941176,0.7142857142857143,0.4827586206896552,0.7885805484984691,0.4992685777661386,0.12084616713763428
LightGBM_full_18,0.6176429489785343,0.7831978319783198,0.4379310344827586,0.6225490196078431,0.8194905869324474,0.5141700404858299,0.781452891234013,0.4583893305690011,0.18675857691890654

===== bootstrap_95CI_external_2021_2023.csv =====
metric,estimate,ci_low_95,ci_high_95
accuracy,0.7754457945400032,0.765346378412498,0.7858608174214928
precision,0.3933291378225299,0.36980058630285323,0.4181012579900623
recall_sensitivity,0.5765682656826568,0.5467713155736621,0.6046115709699259
specificity,0.8164858176280221,0.805834347199153,0.8270506738544474
f1,0.4676393565282454,0.4435979877460849,0.49012435991221653
roc_auc,0.7609124078105429,0.744188705655336,0.7761419336619284
pr_auc,0.4253781639947249,0.39575534601067375,0.4568946083819377
brier,0.18754500419314385,0.18045915368104948,0.19490187425121094

===== bootstrap_95CI_internal_test.csv =====
metric,estimate,ci_low_95,ci_high_95
accuracy,0.7831978319783198,0.7579042457091237,0.8066847335140018
precision,0.4379310344827586,0.3796958180121838,0.4946647116445745
recall_sensitivity,0.6225490196078431,0.5555555555555556,0.6889983142028411
specificity,0.8194905869324474,0.7938240785467668,0.84330259177802
f1,0.5141700404858299,0.4583291832669322,0.5662489640485506
roc_auc,0.781452891234013,0.7444738187159341,0.8170656244903813
pr_auc,0.4583893305690011,0.39529661780272923,0.5418177336472718
brier,0.18675857691890654,0.16955216083248578,0.20492949263219581

===== calibration_metrics.csv =====
model,threshold,accuracy,precision,recall_sensitivity,specificity,f1,roc_auc,pr_auc,brier,calibration_intercept,calibration_slope,ece_10bin
Uncalibrated,0.6176429489785343,0.7831978319783198,0.4379310344827586,0.6225490196078431,0.8194905869324474,0.5141700404858299,0.781452891234013,0.4583893305690011,0.18675857691890654,-1.3649843027223054,0.3849660246760366,0.1718869083382668
Sigmoid,0.18885619480345756,0.7497741644083108,0.39944903581267216,0.7107843137254902,0.7585825027685493,0.5114638447971781,0.7894328273945237,0.4763455658372082,0.1223884548326623,0.3467545892506142,1.243182173634965,0.03105336971949309
Isotonic,0.2511314499233245,0.7904245709123758,0.45,0.6176470588235294,0.8294573643410853,0.5206611570247934,0.7871474171063775,0.47574399192258715,0.12189048445720223,0.18852229401707055,1.1309507251882414,0.02253886776931732

===== decision_curve_internal.csv =====
threshold_probability,model,treat_all,treat_none
0.05,0.1395426234964104,0.14134930822992442,0.0
0.060000000000000005,0.13494397355321072,0.13221472640258317,0.0
0.07,0.12961505959145614,0.12288370195529912,0.0
0.08,0.12540748595891757,0.11334982915046542,0.0
0.09,0.11801026435172778,0.10360642067959142,0.0
0.1,0.11392150958546622,0.09364649202047576,0.0
0.11,0.10604630390873196,0.08346274473980696,0.0
0.12000000000000001,0.10359694506035969,0.07304754865730474,0.0
0.13,0.09723909499631395,0.062392922779802504,0.0
0.14,0.09207789752316128,0.051490514905149054,0.0
0.15000000000000002,0.0881024496519475,0.040331579786386074,0.0
0.16,0.08327956295435969,0.02890695573622401,0.0
0.16999999999999998,0.07761125804029124,0.017207039540274943,0.0
0.18,0.07350122281710623,0.005221759534668552,0.0
0.19,0.0682079248776027,-0.00705945331058247,0.0
0.2,0.06323396567299006,-0.019647696476964766,0.0
0.21000000000000002,0.06013515831360844,-0.0325546293437618,0.0
0.22000000000000003,0.057674935723716195,-0.045792509207143395,0.0
0.22999999999999998,0.05540890906744565,-0.0593742301059374,0.0
0.24,0.05220367993153616,-0.07331336471259448,0.0
0.25,0.0490816019271304,-0.08762420957542905,0.0
0.26,0.04619253399741205,-0.10232183402915113,0.0
0.27,0.04239521847273267,-0.11742213312544086,0.0
0.28,0.03784000802970992,-0.13294188497440534,0.0
0.29,0.034823212081886074,-0.1488988129317913,0.0
0.3,0.030971738288811432,-0.16531165311653118,0.0
0.31,0.030530353612714847,-0.1822002277993795,0.0
0.32,0.025718688559434585,-0.1995855252670174,0.0
0.33,0.0180803300570319,-0.21748978683816694,0.0
0.33999999999999997,0.015356820234869048,-0.23593660179026021,0.0
0.35,0.010840108401084014,-0.254951011048572,0.0
0.36,0.005024841915085815,-0.274559620596206,0.0
0.37,0.0003728079608838475,-0.2947907256850346,0.0
0.38,-0.0019523851152490057,-0.31567444706705133,0.0
0.39,-0.0037614583796111434,-0.33724288062552765,0.0
0.4,-0.007828967178560714,-0.3595302619692864,0.0
0.41,-0.010686999525362478,-0.38257314776537577,0.0
0.42,-0.017007756284459358,-0.40641061583029614,0.0
0.43,-0.01985768395695653,-0.4310844862834592,0.0
0.44,-0.023744999354755464,-0.45663956639566394,0.0
0.45,-0.033013057403301294,-0.48312392214831235,0.0
0.46,-0.03743852253337346,-0.5105891799658737,0.0
0.47,-0.04025839000528367,-0.5390908626067392,0.0
0.48,-0.045445069835313726,-0.568688763810715,0.0
0.49,-0.04895761375914409,-0.5994473670226897,0.0
0.5,-0.054200542005420044,-0.6314363143631436,0.0

===== feature_ablation_results.csv =====
feature_set,n_features_pre_encoding,threshold,accuracy,precision,recall_sensitivity,specificity,f1,roc_auc,pr_auc,brier
A_original_6,6,0.8896118816712058,0.8229448961156278,0.5222222222222223,0.46078431372549017,0.9047619047619048,0.4895833333333333,0.7826200247540878,0.4555840421148981,0.1908378050438066
B_plus_demographic_socioeconomic,9,0.502933580742556,0.7434507678410117,0.38235294117647056,0.6372549019607843,0.7674418604651163,0.47794117647058826,0.7680824267691573,0.45476937336628664,0.19169071667404725
C_plus_lifestyle,11,0.6783739279574321,0.8066847335140018,0.4791666666666667,0.5637254901960784,0.8615725359911407,0.5180180180180181,0.7787169131218379,0.46665335868623786,0.17679634211454928
D_plus_objective_measurements,15,0.5861617005103262,0.7696476964769647,0.4205607476635514,0.6617647058823529,0.7940199335548173,0.5142857142857142,0.7844494386902049,0.4774660372998141,0.19157197499625156
E_full_18,18,0.6176429489785343,0.7831978319783198,0.4379310344827586,0.6225490196078431,0.8194905869324474,0.5141700404858299,0.781452891234013,0.4583893305690011,0.18675857691890654
full_minus_measured_BP,15,0.5414397035371491,0.7669376693766937,0.415625,0.6519607843137255,0.7929125138427464,0.5076335877862596,0.779205480641869,0.44117711712422675,0.1833809399632
full_minus_socioeconomic,16,0.629268488403708,0.7922312556458898,0.4522058823529412,0.6029411764705882,0.8349944629014396,0.5168067226890757,0.7830814496341172,0.4763599607507686,0.18046724528820657
full_minus_race_ethnicity,17,0.6187610105458236,0.7768744354110207,0.42996742671009774,0.6470588235294118,0.8062015503875969,0.5166340508806262,0.7859477124183006,0.46923255085341586,0.18705304016310326
full_minus_activity,17,0.5330325702897224,0.7488708220415538,0.38922155688622756,0.6372549019607843,0.7740863787375415,0.483271375464684,0.7813388921460056,0.45327936231733296,0.18901401440827642
base_variables_without_engineered,11,0.5284881852196193,0.7633242999096658,0.409375,0.6421568627450981,0.7906976744186046,0.5,0.782359455410071,0.4570706325936743,0.18135707961783257

===== imbalance_strategy_comparison.csv =====
strategy,threshold,accuracy,precision,recall_sensitivity,specificity,f1,roc_auc,pr_auc,brier
none,0.36096565234054756,0.8130081300813008,0.49122807017543857,0.4117647058823529,0.9036544850498339,0.448,0.7746780882895793,0.4631608561101893,0.12770028471321596
class_weight,0.4796981041193906,0.7669376693766937,0.4068965517241379,0.5784313725490197,0.8095238095238095,0.4777327935222672,0.774281805745554,0.44679140567764547,0.1564047932940798
smote,0.2772281139281335,0.7669376693766937,0.40939597315436244,0.5980392156862745,0.805094130675526,0.4860557768924303,0.7748680867695915,0.4558157144284887,0.1279608167755843
smoteenn,0.6176429489785343,0.7831978319783198,0.4379310344827586,0.6225490196078431,0.8194905869324474,0.5141700404858299,0.781452891234013,0.4583893305690011,0.18675857691890654

===== master_summary.csv =====
analysis,accuracy,precision,recall_sensitivity,specificity,f1,roc_auc,pr_auc,brier
Full LightGBM internal test,0.7831978319783198,0.4379310344827586,0.6225490196078431,0.8194905869324474,0.5141700404858299,0.781452891234013,0.4583893305690011,0.18675857691890654
Age removed,0.7551942186088527,0.38870431893687707,0.5735294117647058,0.7962347729789591,0.4633663366336634,0.7516122728161032,0.42369554469005055,0.1931961630320785

===== paired_bootstrap_model_comparison.csv =====
comparison,roc_auc_difference_LGBM_minus_other,roc_diff_ci_low_95,roc_diff_ci_high_95,pr_auc_difference_LGBM_minus_other,pr_diff_ci_low_95,pr_diff_ci_high_95
LightGBM vs Logistic Regression,-0.007127657264456189,-0.02672473083963248,0.013042863770115739,-0.04087924719713748,-0.07820009909956718,0.0039021101388563816
LightGBM vs Random Forest,-0.005887238616376855,-0.021250190766707,0.008658350701409783,0.004042099849724923,-0.037791768867845944,0.046214947451942316
LightGBM vs Gradient Boosting,-0.007567368032484478,-0.019388099744478308,0.004344831544510044,-0.01905299951223416,-0.05148516351061302,0.01631708263230396

===== subgroup_performance.csv =====
subgroup_variable,subgroup,n,ckd_cases,non_ckd,accuracy,precision,recall_sensitivity,specificity,f1,roc_auc,pr_auc,brier,status
RIAGENDR,female,577,112,465,0.7781629116117851,0.4444444444444444,0.5714285714285714,0.8279569892473119,0.5,0.7469086021505377,0.4201798495476092,0.19185095169322225,evaluated
RIAGENDR,male,530,92,438,0.7886792452830189,0.4315068493150685,0.6847826086956522,0.8105022831050228,0.5294117647058824,0.8170041691483025,0.5198717095027129,0.18121461419290627,evaluated
RIDRETH1,mexican_american,137,22,115,0.7518248175182481,0.3125,0.45454545454545453,0.808695652173913,0.37037037037037035,0.7928853754940711,0.4862643128865351,0.18221887181420368,evaluated
RIDRETH1,non_hispanic_black,259,61,198,0.752895752895753,0.4810126582278481,0.6229508196721312,0.7929292929292929,0.5428571428571428,0.7165093558536181,0.514605953015173,0.2208262499893659,evaluated
RIDRETH1,non_hispanic_white,380,73,307,0.8078947368421052,0.5,0.7123287671232876,0.8306188925081434,0.5875706214689266,0.8186158582838785,0.48800870209916614,0.17646065320439325,evaluated
RIDRETH1,other_hispanic,102,13,89,0.7450980392156863,0.21739130434782608,0.38461538461538464,0.797752808988764,0.2777777777777778,0.7070008643042351,0.2199079643702865,0.20324434209062717,evaluated
RIDRETH1,other_or_multiracial,229,35,194,0.8122270742358079,0.4230769230769231,0.6285714285714286,0.845360824742268,0.5057471264367817,0.8294550810014728,0.4986930521082032,0.16068903647390595,evaluated
age_group,18-39,391,26,365,0.9232736572890026,0.16666666666666666,0.038461538461538464,0.9863013698630136,0.0625,0.5964172813487882,0.10595214903383982,0.07326773655640426,evaluated
age_group,40-59,323,32,291,0.826625386996904,0.26,0.40625,0.872852233676976,0.3170731707317073,0.7518256013745704,0.2861060572886042,0.14908318581272903,evaluated
age_group,60+,393,146,247,0.6081424936386769,0.4829059829059829,0.773972602739726,0.5101214574898786,0.5947368421052631,0.6718152071432533,0.5384239756107643,0.3306366173999084,evaluated
has_diabetes_dx,no,903,123,780,0.8239202657807309,0.38311688311688313,0.4796747967479675,0.8782051282051282,0.4259927797833935,0.7464144256827184,0.3554630623948352,0.15610597597828388,evaluated
has_diabetes_dx,yes,168,72,96,0.5892857142857143,0.5121951219512195,0.875,0.375,0.6461538461538462,0.7071759259259259,0.5937191804895711,0.33743044447659887,evaluated
has_diabetes_dx,nan,36,9,27,0.6666666666666666,0.38461538461538464,0.5555555555555556,0.7037037037037037,0.45454545454545453,0.6954732510288066,0.4843113957180453,0.2524926019102931,evaluated
has_htn_dx,no,701,62,639,0.8873038516405135,0.33962264150943394,0.2903225806451613,0.945226917057903,0.3130434782608696,0.684739259932354,0.2381317262188869,0.10709851126769132,evaluated
has_htn_dx,yes,405,141,264,0.6024691358024692,0.4576271186440678,0.7659574468085106,0.5151515151515151,0.5729442970822282,0.6873522458628842,0.526435224818409,0.32506755549903,evaluated
has_htn_dx,nan,1,1,0,,,,,,,,,too_small_for_stable_auc

===== temporal_external_validation.csv =====
cohort,n,ckd_prevalence,accuracy,precision,recall_sensitivity,specificity,f1,roc_auc,pr_auc,brier
2017-2018 internal test,1107,0.1842818428184282,0.7831978319783198,0.4379310344827586,0.6225490196078431,0.8194905869324474,0.5141700404858299,0.781452891234013,0.4583893305690011,0.18675857691890654
2021-2023 temporal external,6337,0.17105886065961812,0.7754457945400032,0.3933291378225299,0.5765682656826568,0.8164858176280221,0.4676393565282454,0.7609124078105429,0.4253781639947249,0.18754500419314385
